layer steps n_blk0  union never% miss@1   hot@1    miss@4   hot@4    miss@16  hot@16   miss@64  hot@64   miss@256 hot@256 
    3  1006  17625   9810   45.1   0.321      513   0.192      916   0.097     1749   0.043     3153   0.024     5472
    7  1006  17625  12411   30.4   0.378      513   0.255     1009   0.140     2180   0.062     4218   0.030     7391
   11  1006  17625  10225   42.8   0.400      513   0.223     1001   0.107     1952   0.048     3504   0.025     5987
   15  1006  17625  10349   42.1   0.451      513   0.235     1052   0.103     1999   0.046     3487   0.025     5942
   19  1006  17625  11264   36.9   0.447      513   0.243     1054   0.112     2053   0.051     3701   0.028     6434
   23  1006  17625  11483   35.6   0.362      513   0.209      959   0.108     1876   0.051     3524   0.028     6434
   27  1006  17625  11821   33.7   0.496      513   0.270     1116   0.125     2226   0.055     4019   0.029     6843
   31  1006  17625  12402   30.4   0.485      513   0.259     1097   0.123     2171   0.057     3969   0.030     7024
   35  1006  17625  12562   29.5   0.435      513   0.246     1046   0.122     2092   0.059     3916   0.032     7114
   39  1006  17625  12231   31.4   0.376      513   0.223      981   0.120     1968   0.059     3775   0.031     6848
   43  1006  17625  11677   34.5   0.359      513   0.220      965   0.117     1943   0.057     3706   0.029     6571
   47  1006  17625  11629   34.8   0.319      513   0.211      927   0.118     1892   0.055     3642   0.029     6437

cross-layer per-step working set: mean 2286 blocks (x 51 KiB = 114 MiB), max 3106; per layer 513 blocks
